00648
02331
01055
00992
00189
02362
00138
02035
00653
00752
02313
02297
00052
02471
02438
00601
00451
00401
00181
02274
00774
00468
02525
01203
02342
02084
00645
00464
00168
02375
00161
02341
00948
00400
00694
02070
02194
02498
00724
00183
00669
01087
02466
02527
00514
02002
00863
01165
00011
00461
01015
02103
02513
00292
00691
02401
00270
02007
00123
00286
00282
00239
00467
00895
02488
01171
00646
00732
02368
00096
01012
02187
00915
02407
00177
00354
00709
02157
00427
00861
00789
02091
00377
00803
00147
00325
00513
00636
02545
00218
01098
01168
00478
00406
00805
00894
00133
00830
00713
00136
02280
02514
00172
00312
00435
02028
00139
00234
00458
00346
00472
00859
00644
00566
01119
00870
00518
00080
00706
00684
00848
02114
01021
00446
00592
00481
00352
02430
01059
00586
00539
00164
00688
01133
01075
02032
00728
00030
02270
00097
02255
01086
00605
00366
00281
02336
00085
00259
02130
00687
00186
00673
02593
00068
01061
00527
00943
02087
02152
01117
00456
02623
00336
00309
00538
02074
00363
00832
00947
02008
00958
02376
02383
01136
01084
00925
02608
02004
02618
01104
02339
00122
00574
00469
00355
00265
00880
00262
02617
01151
00317
01204
00411
00016
00391
00564
00800
02259
02448
00871
01065
00414
00119
02597
00091
00287
00524
02410
02218
00593
02131
00142
02330
00791
00887
00814
00193
02275
01201
01228
00066
02369
00143
01001
02057
00459
00039
01174
02556
02352
00573
00278
00403
00614
02400
00416
00488
02462
02079
02038
02477
00698
01184
02182
02610
00284
01103
02118
00525
00875
00037
02296
00781
01019
02154
02072
01214
02101
00676
01141
00442
02164
00013
00862
00433
00712
02227
00759
00879
00963
00001
00024
00682
00950
00962
02081
00237
01123
02573
00220
00104
00886
00035
02189
02620
00145
00010
00966
00290
00410
00421
00380
00804
00976
02393
01105
02581
00721
00436
00659
00244
02163
00975
02418
02529
00040
02497
01149
02006
02213
00382
00125
00738
00496
00167
02088
02058
02073
00725
00581
02323
02363
00372
00932
02367
00399
00910
01208
02531
00727
00334
01147
02520
02290
00510
00448
00816
00318
02298
00418
01122
02301
02192
01114
00537
02437
02302
02538
02468
00203
00657
01116
00928
01158
01175
00969
02484
02621
00959
01085
00476
02090
02145
00970
02304
01026
00232
00892
02113
00375
02030
00746
00745
00650
02124
02122
01148
02210
00301
01185
00813
02382
00990
01229
02571
01016
00542
00981
00903
00534
02126
02631
00178
00627
00314
00979
00014
02235
02591
00717
02188
02474
00174
00340
01180
02598
01096
00362
00276
00460
00356
02478
02022
02232
02307
01042
00250
02465
02229
00597
02384
00511
02554
00449
01190
00110
02359
00275
01230
01101
00768
02197
00559
01017
01250
00985
00899
01067
00466
00306
00342
01078
00523
00715
02014
00226
02099
01153
00106
02428
00561
00127
01226
00770
00532
00022
00558
02406
00188
00753
00773
02208
00711
00194
00666
02510
00224
00215
00619
01160
01131
01178
02012
00207
00452
02361
00729
00873
00690
00299
01240
01211
02060
00173
02405
00102
00822
00595
00210
00337
00083
00150
01125
00393
02010
00982
02285
00236
02500
02599
02544
00269
01245
00159
02172
01033
00968
00092
00852
00051
02132
02432
01237
01109
00450
00857
01202
02541
02053
00090
00661
01218
02575
00129
00851
01095
01005
02370
02563
00714
00719
00543
02403
01155
00739
00720
00718
02415
00637
01094
00607
00536
02260
00812
02547
02224
01106
01161
01124
02505
00434
00771
00860
02271
00266
02233
02508
00180
01077
02533
00045
00829
00997
00064
00280
01083
00843
00839
02411
01193
02041
00361
00999
01137
00517
02141
02206
00585
01167
02424
01138
02625
00604
00444
00116
02250
01108
01210
00515
00072
00182
02020
01003
00322
01139
00901
00162
02109
00667
00480
00944
02458
02291
00801
00163
00134
00335
00344
02373
00050
00326
00501
00931
02604
01121
00171
00767
00675
00674
02348
02086
00017
00422
02168
02247
00428
02269
01022
00492
00141
02460
02543
00474
00320
01047
01134
02071
02327
00569
00332
01115
00019
02346
00184
02360
00935
02436
00710
00578
02095
02353
00277
00420
01099
00548
02176
00246
02094
02516
01091
01223
00855
00109
00980
01199
02560
02144
02092
02286
02309
00457
01191
00735
00315
02319
00883
00099
02241
00733
02200
00413
01146
00417
00998
01157
01222
00730
00550
00785
02216
02628
00741
02317
00920
00009
01100
02565
00297
01039
00624
01189
00425
00397
00462
01196
00058
00847
00394
00033
02064
02501
01205
02263
00699
00922
02366
01081
00744
02107
00615
00294
00809
02158
00631
00415
02584
00987
00584
00455
00616
00642
01060
01181
00923
01062
00498
00678
00396
02586
02358
00544
00722
01068
01088
00680
00649
01069
00463
00783
02311
02184
00941
02178
00554
01225
00088
02056
00475
00036
00939
00704
02374
00872
00846
00663
02203
02480
00023
00628
02024
02214
02580
00084
02381
00788
00995
00499
00780
02409
00546
00289
00053
00807
00002
02550
00945
02238
02287
02300
00321
02085
01007
02173
00470
01164
02482
00749
00961
00242
00358
00954
00389
02453
00622
00858
00520
02119
02457
00402
00429
00613
00757
00473
00640
00802
00743
00202
01244
02612
00137
01128
00493
00912
02404
02177
02377
00217
00302
02136
02425
00477
00200
00216
00251
02185
01118
02023
02043
00865
00570
00360
00821
02217
00082
00840
02138
00086
00760
02626
02033
00898
02496
00891
01071
00253
00046
02016
00295
00060
02546
00026
02572
02332
00913
00345
00454
00395
00381
00369
00120
00503
00105
02396
02592
01216
02037
00272
00349
02078
00146
02248
02161
00385
00195
02011
00521
00264
00252
00656
01152
01219
02344
00063
00792
02026
00175
00100
02036
02076
00906
00506
00960
01009
01014
01006
00140
01243
00818
00445
00994
00089
00654
01102
00516
02345
01170
01090
02083
00946
00365
00049
00660
02447
02193
01080
00412
00212
02512
00153
00248
00658
00132
00977
02475
00502
02518
00074
01182
01097
02338
00169
00748
02050
00118
01169
01150
00329
00291
02159
02587
00856
02115
00849
00274
00790
00154
02310
02288
01246
00827
02499
00373
00331
01070
01145
01144
01043
00568
00641
02456
02148
01129
00231
00151
01200
00199
00384
02553
00500
00057
02015
00630
02063
00007
00190
00298
02398
00878
00751
00702
02582
00507
02629
00594
01107
00957
01255
01110
02417
00917
00893
00379
02511
02128
00984
01221
01082
00191
00196
02600
01113
00679
02042
00951
02467
01066
01209
00888
00825
00643
00890
00059
00065
02444
01254
00611
02272
00596
02609
00323
02555
02522
00796
00763
00101
00897
02435
02558
00978
00324
00006
00201
02567
02198
00307
02419
00778
01092
00285
00027
00081
00996
00697
02481
00811
02029
00934
01247
00991
00662
00447
02607
00795
00588
01224
02066
00815
01253
00197
02196
00701
00677
00003
02487
02294
02221
02568
02397
02169
02219
02315
00965
02112
00093
01074
00911
00620
02116
02228
00117
02009
00388
02080
00219
02284
00025
00577
01135
00032
00695
02252
02455
02349
00028
02324
02490
01064
00826
00834
01239
01111
00937
02068
00583
02503
01056
02532
00696
02222
01154
02225
02266
01183
02429
00902
00602
00810
01187
00107
00339
01227
00245
01027
02040
02434
00567
00591
00758
00465
01220
00094
02171
02392
00443
02191
02389
01232
02183
00165
02025
00651
00471
02120
00283
01162
00799
00716
00079
00376
02167
01010
02351
00070
02632
00208
00971
00247
00179
00300
00333
00486
00370
02062
00341
01142
02003
02156
00437
02630
00956
00551
00918
00884
00268
01188
02155
02371
02018
00639
00908
02577
01023
01207
00170
02579
00205
01132
00988
00580
00572
02205
00121
00386
02528
02230
00835
02075
01213
00955
00431
02387
02627
01063
02127
00288
00842
01046
01031
02162
00348
00869
00149
00755
00726
02044
02426
02379
00867
00670
02160
00782
00148
02117
00612
00213
01192
02236
02268
00158
00243
01143
02446
02439
02504
00952
02506
01251
00907
00135
00686
02420
00240
02624
02613
00198
02179
02093
00230
02329
00211
00238
00155
00632
01140
02209
00103
00919
02322
01163
00061
01089
02121
02391
01018
02001
00273
02283
02519
00817
00008
00124
01179
00938
02282
00512
00776
02343
02061
00519
01234
02326
01236
00047
01186
00249
02258
01112
00924
02464
00209
02515
00555
02523
02212
00647
02133
00490
00618
00889
01252
00623
02069
02588
00579
01076
02615
00877
00635
02540
00108
00206
01079
02355
00708
00271
02245
00364
02129
02622
02243
00689
00993
02265
00075
02566
00166
00505
00112
01120
02223
02065
02483
02524
01156
02045
00293
00560
00881
02521
02413
00625
02098
00495
00004
00405
02537
00589
02590
02450
00157
00054
00225
00076
02619
02328
00398
01248
02147
02220
00737
02548
